0,1,2,3,4,5,6,7,8,9,10,11,12,13,14,15,16,17,18,19,20,21,22,23,24,25,26,27,28,29,30,31,32,33,34,35,36,37,38,39,40,41,42,43,44,45,46,47,48,49,50,51,52,53,54,55,56,57,58,59,60,61,62,63,64,65,66,67,68,69,70,71,72,73,74,75,76,77,78,79,80,81,82,83,84,85,86,87,88,89,90,91,92,93,94,95,96,97,98,99
1.0,0.46552406999183904,0.6198902214175803,0.4770681817571853,0.5590403012030458,0.6449887474939877,0.32601677124247913,0.5267646920776224,0.615394234583828,0.4031132133462,0.35322473819657857,0.42996977654811214,0.5043981744893853,0.40247199508055037,0.5012476247711561,0.6308288396904921,0.38429746321136266,0.606498840249267,0.4266833029252303,0.6878828440881523,0.49851633305690013,0.5273076224569971,0.5829878186005979,0.19051969391597817,-0.0030531333249769026,0.38449215041141516,0.45711099471564176,0.627517205508315,0.6823937516524079,0.4962487488447024,0.5301959886301231,0.6401582411717988,0.630922524377129,0.5974258025997368,0.5834343686039414,0.7822722636259,0.6922165410606401,0.616791167326911,0.5239678172111569,0.48914574745034534,0.7419370007363988,0.23074347338754125,0.6010894228571687,0.6463898108975301,0.6916791907063687,0.7493003555167131,0.5783365143067318,0.6463073776289479,0.7927053778189448,0.7454840849409908,0.8853955389129495,0.511759262838229,0.6044445282455571,0.5103028889282124,0.5324867727450221,0.715871349528396,0.4800068903473738,0.4918904928941326,0.26684835365419257,0.33374969227747475,0.35522377987247283,0.45151224630896136,0.351249615232335,0.31681868168557187,0.2771265180464567,0.3630234301199122,0.6669027197748708,0.32426822199784705,0.5361063454384285,0.5847990745614673,0.5072165377159527,0.5050893128427825,0.5095613229887839,0.6034644927858963,0.11973317171071024,0.3034601610724703,0.5912842435021849,0.4007156193182981,0.21587117310782397,0.6525637239154605,0.2942769259171501,0.6902611179416113,0.6171292344108176,0.4370031630170943,0.21815177724305326,0.6282147250543709,0.6538326586465997,0.4725649911313942,0.7977138014588834,0.688108714302774,0.7024358149271427,0.3067288439386681,0.46509799639729527,0.39567734202712684,0.4914048157336614,0.6692808940103517,0.6327844145323251,0.6964785050240273,0.835033349746469,0.7499023956247952
0.46552406999183904,1.0,0.8190337805723175,0.909378359956228,0.7960459060101271,0.6541108220535458,0.719094473659864,0.7155578962960912,0.6310014292155866,0.7517951410426739,0.5566920402649884,0.7263693713434888,0.7203533767901102,0.7707549998698563,0.7824560856570856,0.8364581724398734,0.5001990497165051,0.4825163823906988,0.4898232954615082,0.48368784967328526,0.556316453287375,0.6677944509794329,0.6538290768809896,0.5938204599186788,0.28321553873386335,0.5826557495322162,0.6640366516507605,0.7021005449700641,0.5726234043876848,0.6814932787928659,0.3789541543573677,0.348344412325848,0.4204726630532244,0.395937048412903,0.5315346396086235,0.5508373433198952,0.5465720834480184,0.7395290750150393,0.7156441911118092,0.5936693404400538,0.38756619577407525,0.5627736177259094,0.614339016591496,0.5204851691863075,0.6400286940275072,0.5370410494955526,0.4422248601889978,0.325925857005912,0.5075683238804971,0.41798088097419134,0.5449294328670786,0.8821167709837371,0.8925102247402086,0.7827567270150086,0.7355524329433425,0.5103663980899976,0.7265240760929894,0.6282329176711228,0.6592743877331485,0.6940883513791875,0.6594393142496655,0.7481224832266007,0.6842268375872161,0.7716775759526509,0.6817532955374909,0.7942989103201146,0.5864389769460375,0.6025550103966312,0.502909560942796,0.4873624406087456,0.6156745965405518,0.7034916531508764,0.6845027934353589,0.552364321486367,0.5980421550003058,0.6341221432535321,0.557184198595172,0.7342870516984249,0.3951303623189396,0.6343855711812956,0.5515936674706822,0.3884731182045716,0.6245217991013434,0.6492665346511101,0.5681759271625527,0.5898433364179719,0.5578563848090661,0.720728600280221,0.5295267657724803,0.4612484278429895,0.5315998375824567,0.7172831967019757,0.7087684738011352,0.655652692444932,0.6915561188082711,0.44425522819807833,0.4928305571016418,0.36765114847316044,0.4574352820745782,0.3960802908682859
0.6198902214175803,0.8190337805723175,1.0,0.7983758964585476,0.7675214840827738,0.8348104051906726,0.6812516803846321,0.6774521887737373,0.7736614944962702,0.7575315346372515,0.6012539803743053,0.8227530976668334,0.867895588018418,0.8118056573844531,0.8085924924697434,0.7554756210091399,0.5983275890854103,0.5881050769906202,0.6182825071760633,0.5395555308794249,0.6782352751929202,0.8346500530702794,0.8204243525502186,0.5963355000943661,0.2126578083685472,0.7000784814797653,0.7320344318332787,0.8142574876789279,0.6983701415425916,0.8262219629539946,0.47906509905326006,0.3653176831630602,0.5068221031687105,0.5650445738427712,0.6351830703684445,0.6843414182554229,0.7338703210779711,0.819377811101268,0.7833390023201374,0.7152673611406973,0.5710989815459991,0.59980188571663,0.7269046067254741,0.7262496903839191,0.713511918729821,0.7154441631594991,0.5545394581155146,0.49560585601354445,0.5950277904116839,0.5860664977070276,0.7012010203702714,0.7850630176290717,0.7983380802001557,0.6449780656896612,0.7974448160401383,0.7051446640733796,0.7734853240534998,0.7736927065909861,0.5869251007068086,0.6546379015957282,0.7497854408601156,0.8381713636979319,0.7162936538218049,0.7282956732823519,0.7339788903258193,0.7375258163690754,0.6970514173788706,0.6817275368831991,0.6013473382542239,0.5226742580150596,0.6244554759849915,0.8056326437533557,0.7355329736251056,0.7571798620123157,0.5886859322835688,0.622813722976251,0.6650753376889155,0.7790762789570298,0.4791208525645676,0.608940692226854,0.6521229584715593,0.5300329084758245,0.7186489614745832,0.7005328985868778,0.6247191803946036,0.6737240391198213,0.76448960720941,0.7506463977837075,0.6597424706827011,0.5666520258257274,0.6468315505702285,0.5616361993758661,0.8120211026537353,0.7324954844348025,0.7018046752394486,0.605081227934822,0.6224857496380022,0.488831581754931,0.5638483644422111,0.5490499845459759
0.4770681817571853,0.909378359956228,0.7983758964585476,1.0,0.8167071605062427,0.6941542702942889,0.71505399335518,0.7098320942132841,0.6680336734160058,0.673879332328359,0.47979695210684625,0.6852244670218793,0.7185602316502135,0.7257399372537789,0.7732009250390649,0.8541554013228165,0.5103294267310217,0.5831244554713096,0.5235796779117103,0.480853361219938,0.5622846392608273,0.7022782671026064,0.6756306296756879,0.5416989065042765,0.12416429026189929,0.5930373197736739,0.6197238979623246,0.7159478547032396,0.5377848462794427,0.6844396502181613,0.4315519080187899,0.3992976703518144,0.5501792149408078,0.51164743560331,0.6150696330942487,0.5490178772220569,0.5966858231419847,0.7676076066088167,0.7765487517181084,0.658569780561067,0.4998051838375519,0.4208634452403438,0.7113783718607791,0.6239526348181302,0.7065840280348847,0.6361054951356568,0.5622717972136438,0.4461244440823817,0.45688092459405705,0.4971059859717409,0.5442124571698792,0.8045876414304475,0.861092983766907,0.7641887224328587,0.7666687306389859,0.5631393143591472,0.7462695075729321,0.6947788559104608,0.5488059556270869,0.6384568415443458,0.6299250606823154,0.7840248197651957,0.6394634169855279,0.7237874261008235,0.6707216700715105,0.7780149195436408,0.5906256585536533,0.6393217344875722,0.5686100580925639,0.5522333062251589,0.5854600049576438,0.724730123264453,0.683940564736816,0.5906360153285267,0.5462773336015267,0.5341154899473506,0.5352121599504556,0.6865046841333884,0.4599041679135248,0.678394123285583,0.5591106906733958,0.4806450825727946,0.6963334213519503,0.6713458720879868,0.523917147595338,0.6552708038347805,0.5935879031162034,0.7401672431801434,0.5282473328749175,0.5307947656600254,0.6060809081490657,0.6039747570290079,0.7327522560567014,0.589613019932237,0.7399380280364579,0.5150102217209969,0.5950272166501905,0.43867502999656044,0.4399288202743649,0.4536941199716333
0.5590403012030458,0.7960459060101271,0.7675214840827738,0.8167071605062427,1.0,0.8228461213366638,0.43951005177774033,0.555145652100683,0.6871653394459013,0.5947351615338065,0.36985335728041197,0.6509064065671063,0.7133910923175953,0.6880479152869023,0.6807132058937653,0.7755669100559073,0.48565847959615627,0.5275171970029202,0.5291845374585358,0.46158292308976506,0.4944988172698482,0.6156788348230915,0.6763989901160974,0.44071111988385453,0.16348864140478697,0.43692743925025723,0.5367160935069969,0.7076054330817552,0.5690608848768206,0.6488686211725473,0.5142211492771627,0.40635052839520946,0.5845766482950486,0.6053227529088351,0.6762922324364936,0.6105167032835108,0.7205191319373156,0.7110143958088841,0.716027772199301,0.521615635349721,0.6162422443942986,0.42407529208909217,0.7452074000263319,0.6383954018415258,0.7560109090208689,0.7106846145045257,0.6556576299070774,0.5745386550958449,0.694016802641881,0.6076139894616017,0.6205536480430379,0.7885271174344833,0.7423744763553762,0.8795859212909249,0.9183206882280308,0.6601065364045274,0.5355856966252956,0.6268448528604247,0.5571977408037606,0.5536712585168561,0.5298014686529277,0.7010076170346606,0.6260302028123454,0.6705913312872406,0.5001547387340751,0.6415740235512047,0.5156271069201168,0.46944069422182677,0.503904916936437,0.4637377697877096,0.46703472525303624,0.6103642284759867,0.6199650112173314,0.5638314226779503,0.34716142615419987,0.4227965207144969,0.43588054502159546,0.5407272371630641,0.3603812076505768,0.6097968145458423,0.42003027287144235,0.5493618314746904,0.6479132811038378,0.5194480480507461,0.31949829275518976,0.6750197258567044,0.5952579270433288,0.6913959316748672,0.603987846577932,0.5262457923842258,0.5932834798015325,0.4627794735972322,0.6609888249488729,0.4838070471428742,0.6965531317487516,0.5236303739538438,0.6057599480319688,0.5250618936581584,0.636107164267393,0.5401338216708168
0.6449887474939877,0.6541108220535458,0.8348104051906726,0.6941542702942889,0.8228461213366638,1.0,0.4960833816863539,0.5754709619712014,0.8746984980689073,0.6271873741306581,0.39673658594550704,0.7379024608972075,0.8164330520156537,0.7313944277442127,0.7361110732795689,0.7200237689319222,0.5801443297524418,0.7249836827132786,0.6701299776713849,0.628209980284895,0.6933625414054974,0.772012298415564,0.8099589538861083,0.40935795418554305,0.08634996233997537,0.5920544261791288,0.6750116246919005,0.7893399882044483,0.7267597931581754,0.764359994412267,0.5411723069364124,0.40509169772739795,0.6948852122739652,0.7770267064637685,0.7814303905125508,0.7755129808392704,0.8417027665694866,0.7944677709480192,0.8145761821245431,0.6905798695482213,0.7720314937825206,0.471388787434902,0.8531728654775143,0.7832722364917453,0.828226764823994,0.8514186364422947,0.763008479717297,0.7105565474346426,0.7777519308564911,0.7786948535298662,0.7444650461757386,0.6501603773986274,0.7272947025506242,0.6135466663845133,0.9125771531589416,0.8393959408119596,0.7014897059631554,0.8326600708916289,0.5134983059574084,0.5249610024009377,0.639144944601187,0.7573154666860635,0.6529087706255738,0.6414881704055359,0.6273092287717184,0.6609647291412118,0.6796070132983626,0.5830287055858361,0.6455475557425447,0.6134772795747004,0.5956390928460723,0.7193521825162685,0.7313678297857852,0.7903868041587536,0.3729413196529274,0.4241199564952679,0.5852633626861402,0.6370679074439082,0.44020051657079423,0.5969807919850841,0.5098542317414191,0.7149489438299833,0.7333957686846699,0.6022812032149145,0.4465309277419775,0.7756117369737704,0.8091554329719431,0.693992859335939,0.7757363680395986,0.6445512181440572,0.7543338511617197,0.3118185566230561,0.7809577552323572,0.5775261942924933,0.700721408997382,0.6872447700211455,0.7395525337049502,0.6573936636913256,0.7157383888596801,0.7206730510660222
0.32601677124247913,0.719094473659864,0.6812516803846321,0.71505399335518,0.43951005177774033,0.4960833816863539,1.0,0.6315161757223987,0.5897021950669267,0.6567811729886692,0.5429985786721059,0.6946997123481519,0.6880231041976307,0.7414637777676009,0.7530385922039592,0.7118926588113025,0.7354605108600192,0.4675234229257439,0.6119491138912695,0.476398201958518,0.6908679066121827,0.7384236642051611,0.6831374398529723,0.7910675585207029,0.11424606750173706,0.7485257323718594,0.7736300641972428,0.6265902629525953,0.6473507476839097,0.5887270260848801,0.38507275036719535,0.21882235069577002,0.2400391978292426,0.2825691186134736,0.5186383670715196,0.4726517546359054,0.4545752777786648,0.622705195163167,0.6227383550974905,0.6901702341259797,0.2661000198975852,0.5600531087062921,0.4961924988782886,0.5310859785219795,0.4733674230679212,0.40188567166258227,0.2925204254902863,0.1492273333541931,0.22699265865524185,0.2476221509686706,0.4434070704384972,0.5928378966729188,0.7810105163717165,0.3708477096827696,0.4827037133171257,0.3525780584563043,0.7712050384231591,0.6148169603919832,0.44217130288663736,0.6252712933107483,0.6805662947347926,0.7256000293242835,0.5956709798427938,0.6726237217321228,0.7756309565013756,0.7428981606861798,0.776248118458067,0.8427574571994481,0.5790008629914537,0.5196570551570969,0.7324408912926389,0.7705959703723587,0.7387335722977346,0.6386220307154423,0.8113975757850573,0.6242980333726911,0.7478365721453518,0.7804334088864205,0.4843028166131312,0.5618399128255472,0.7816478836359112,0.2521983011496313,0.556818981540988,0.8548168025347035,0.7966952487606009,0.5099938732170902,0.5431868736002494,0.7035247645644985,0.45694445746502416,0.4191196316416142,0.4603040505784686,0.5699224086795547,0.6739537515346079,0.6419768135339928,0.6594159347795795,0.4275627933150188,0.4324885961819453,0.2497519536153283,0.25922006282003773,0.282652803423763
0.5267646920776224,0.7155578962960912,0.6774521887737373,0.7098320942132841,0.555145652100683,0.5754709619712014,0.6315161757223987,1.0,0.7100657772752916,0.608858821194098,0.4295853615362636,0.6332124234497115,0.6519640391269925,0.6291161007192434,0.6647361344646613,0.6395340725300029,0.4986537663439388,0.6712662945998256,0.46850603703667765,0.7060639632244532,0.6534066004969623,0.6244783924243422,0.6241759018308882,0.5228407980223485,0.22889722769751242,0.5087527759864238,0.7070275648608861,0.6014876572096005,0.6915438054209859,0.599612223672529,0.4167332657292414,0.3713971506832393,0.4245486718713404,0.40346857238085193,0.508882736293401,0.6209180713330916,0.5915550480384544,0.5959854081909186,0.631993534042375,0.5160789548350766,0.4274520854284045,0.46535860537457424,0.5743212314470542,0.5454749816453291,0.667386593459746,0.5919181274539684,0.378967537400084,0.3509019012994122,0.4986280147797489,0.4609154708977961,0.5961171551725627,0.6250941046972127,0.7295129486861047,0.4795985193025276,0.6267391657593138,0.5544313726291735,0.8669117209206636,0.7283671932220827,0.45708991982931346,0.5298191725296357,0.5708403438543872,0.6637564375333336,0.5684459114914553,0.6049047612770271,0.64825264746259,0.6262375653709413,0.6897404851720881,0.5545771297101654,0.5785563747177627,0.6083557772161393,0.6835972878338414,0.6553411618781076,0.6920708734148854,0.5664195452359352,0.4864801984657212,0.44731312282660624,0.6951282318058454,0.6087818049773663,0.5052144129153427,0.5509069580222772,0.5827869538620192,0.4920484493449431,0.6711324299614269,0.671487192502655,0.6525238018614935,0.6241000865414192,0.648301787043248,0.7069563941353744,0.6585760068544294,0.5294688798870971,0.5057060294182245,0.5297858786670838,0.5651937251646851,0.6175172210716473,0.5511269135577572,0.47186853787806643,0.5189658474799739,0.4479228663545295,0.5261325219253917,0.4788845911550345
0.615394234583828,0.6310014292155866,0.7736614944962702,0.6680336734160058,0.6871653394459013,0.8746984980689073,0.5897021950669267,0.7100657772752916,1.0,0.6116444873710062,0.38181663859404197,0.7214120318049029,0.7963582730077644,0.7302884485930413,0.75087663072167,0.6487270029418554,0.5629118623185342,0.7413258051845132,0.6484240096096751,0.653648728818222,0.7554108592148311,0.7978375094400219,0.7869933855953624,0.5162986769932715,0.0701085918459506,0.6290659203084472,0.7763396906583429,0.7704683849448707,0.7990421646039519,0.7510523925137937,0.5330316525594443,0.3906460044774134,0.6523888422724249,0.6763407321205531,0.695312645009133,0.8326196088485159,0.8073381669349279,0.7320548839440165,0.7944353847094093,0.7020075160829633,0.6708317620115299,0.5119285055535754,0.7730387334126354,0.7467277201423086,0.8068466323008776,0.7844807136413731,0.6383451776693911,0.5884187994647396,0.6798234859173886,0.7284352027977313,0.7036454628838628,0.6230011658229192,0.724106710733126,0.5318891563302068,0.8218395474422222,0.8280348093701021,0.8281802753379193,0.9337808761520048,0.4246004709306681,0.5114395648205777,0.6141309887284628,0.7709532848590929,0.6328743806878232,0.6259155560958316,0.6713670569995132,0.6907909341978349,0.732095862372061,0.6253653701456784,0.6509087200950724,0.612095661234317,0.6384574531343361,0.7502758394540979,0.7600756369933445,0.7752390168187927,0.46874245737456943,0.4433881558517634,0.713360045290881,0.701778654768888,0.5365820190171605,0.5858709720915377,0.6259909572012893,0.6551541652983555,0.7464109050035341,0.685180362146519,0.6117939444350583,0.7610697373754769,0.844295771699892,0.7639417590393375,0.8209812523830587,0.656263511476,0.7124178744217244,0.3751856582090425,0.757011202220237,0.6246205175097181,0.6879533277952988,0.6150690896435393,0.7118869077174931,0.5932748070013079,0.6613506749853931,0.7030504443981278
0.4031132133462,0.7517951410426739,0.7575315346372515,0.673879332328359,0.5947351615338065,0.6271873741306581,0.6567811729886692,0.608858821194098,0.6116444873710062,1.0,0.7068812496541828,0.8612162831004758,0.7890794430496856,0.8011949058878647,0.7306863958412423,0.6042853433205387,0.4360327813123542,0.3805199861770085,0.4424686693674128,0.35425358042320665,0.4799071612997532,0.699511323185786,0.6685084108474743,0.5457658004789786,0.4571565144142847,0.6505230602158738,0.5986048919093191,0.6657202316516102,0.481534862857272,0.7587943493988284,0.4038914389433996,0.2619892489538323,0.36829199945691304,0.3254350364198465,0.46092786902179406,0.4165730863814381,0.4358310188153471,0.7639009793163869,0.7694622839906239,0.700444812362909,0.3530762284388145,0.6976019055097797,0.5621059453799251,0.506394992180835,0.4636976795060077,0.4526365603595992,0.33280853535999755,0.2809576858690299,0.3965921451626235,0.32660798365536486,0.47632746543510107,0.6673882284927742,0.7263138652146275,0.5269331429222028,0.6520578200413929,0.5340154552780286,0.6654288645559369,0.6258867501760541,0.880911424461423,0.8020879944470752,0.8604023567001479,0.7606347221036032,0.799599536456708,0.7999349860286951,0.7534631306135021,0.7754748542113913,0.5854354913085972,0.5863365546291319,0.4131843406928212,0.39857585138376095,0.542170545763838,0.7233403254395138,0.6994558499742719,0.70625741285479,0.6676426962517626,0.8187282055867492,0.5135945672644493,0.787310082248219,0.2979033020016389,0.50849542156906,0.5619985937842664,0.3556038490584844,0.540445989990751,0.5952092975745228,0.5776602076946122,0.5271752377601697,0.48711210990098563,0.5593583179440511,0.4148806257112965,0.4387269772850864,0.5437052436435647,0.7655351342800281,0.7866171002916026,0.7671704248462257,0.6471625825008552,0.546414227500777,0.4332666116958102,0.3160423214496213,0.38321016030678506,0.31844412722467796
0.35322473819657857,0.5566920402649884,0.6012539803743053,0.47979695210684625,0.36985335728041197,0.39673658594550704,0.5429985786721059,0.4295853615362636,0.38181663859404197,0.7068812496541828,1.0,0.6638508261016708,0.6044723420670801,0.5582556131684578,0.5075558144676414,0.4912881487982323,0.35713349779120274,0.2528756528273306,0.32717053519186856,0.3575315003177349,0.3686678399892867,0.556783847842852,0.5180676742576847,0.5104303763698865,0.40750674247801605,0.6713967785885184,0.4630279364636002,0.536054483718791,0.3688481268666069,0.5527343224660739,0.3588007397594582,0.0019108467363991842,0.21831819640420505,0.1467719589156576,0.28547741817107847,0.2984805176141761,0.2678707788455685,0.5331893018101667,0.5298969657178391,0.5167278303281556,0.2134089290946738,0.6183537948090649,0.37124437713570896,0.44568905254892915,0.2833827221989484,0.29557461571176824,0.20419646660787616,0.1374593966620093,0.31774671591511244,0.18682306975685486,0.46058294528572197,0.5955330881243683,0.5695878760651497,0.34413497093802276,0.3985808885182756,0.3664629950851124,0.5327782875692739,0.37655204622730626,0.629722082655127,0.7971675340484847,0.741857939517355,0.550463844931301,0.5166846296374793,0.5252915672806345,0.5020843629704532,0.5235299125519569,0.5644481827411458,0.47599336920020763,0.4123464659846507,0.3973301074667883,0.4759510130975547,0.5882968834522533,0.5602872234176824,0.5386546848765373,0.5522139671923479,0.7696141586850431,0.5176715755574447,0.6106086875379143,0.2528928314101246,0.48516623525730546,0.5701076941742985,0.305184293932325,0.5174700854380242,0.5199812216037044,0.515182118487916,0.4217165211918968,0.37723807142679433,0.49047856092629033,0.3629685313348067,0.39726881578197154,0.44744446911571045,0.6327165559725576,0.5504759215075646,0.6637658433348076,0.5601499268277663,0.5026848472339566,0.3036077541924758,0.2751799195850306,0.3625398377964062,0.22496665065042737
0.42996977654811214,0.7263693713434888,0.8227530976668334,0.6852244670218793,0.6509064065671063,0.7379024608972075,0.6946997123481519,0.6332124234497115,0.7214120318049029,0.8612162831004758,0.6638508261016708,1.0,0.9118742713314061,0.858361281386255,0.768642502528904,0.6358064927236077,0.5526563227385602,0.47914890510825353,0.5622708240397949,0.4412041922305834,0.5746388407493754,0.8074879920213583,0.770914841173713,0.6421006475167528,0.38768694356467154,0.7446300446534683,0.6736914159407004,0.7144000584225131,0.6565760175770289,0.7940368292745353,0.4895754155902545,0.20602691158924064,0.415421206224794,0.4459693951640264,0.524735839748948,0.5387356742045476,0.6039527913053919,0.7096109545600062,0.7674543678346762,0.6676622505113052,0.46838834832971094,0.6671994063884803,0.6093932922123027,0.6621445512079596,0.576896832738323,0.5579032001376456,0.39282238723469376,0.3769973465110474,0.497719946979954,0.43860054453135444,0.5460501319234013,0.7074799669128528,0.725044360804653,0.5059649607556798,0.7441496949517674,0.5886923737542294,0.7494835012897528,0.7549024178508976,0.7359584151639168,0.7665934257711249,0.884970985314172,0.8460371556641202,0.7933094765542371,0.8019135396755859,0.7448528833055889,0.7712622824483049,0.673413529846792,0.6754190282654282,0.49542679493399977,0.4248312283290035,0.5471326253504746,0.7727593891595537,0.7244475133375848,0.7473786005546006,0.6860027394185886,0.7442043722640997,0.6281590053316124,0.7928540465402669,0.4749781619349936,0.5427368590556357,0.6625950346268338,0.4459411121121579,0.6577977526174178,0.6599386096296228,0.663005796126164,0.5887188197029622,0.6069184428372373,0.6726824295998165,0.5286649377093534,0.5115621469490484,0.5705768504647929,0.5988102511493738,0.7634982410903882,0.7370748061254042,0.6727688334322276,0.5572056029886303,0.5279884578336731,0.4164529249191223,0.4692278591710797,0.43059534257697235
0.5043981744893853,0.7203533767901102,0.867895588018418,0.7185602316502135,0.7133910923175953,0.8164330520156537,0.6880231041976307,0.6519640391269925,0.7963582730077644,0.7890794430496856,0.6044723420670801,0.9118742713314061,1.0,0.888478520439152,0.7865755265782791,0.6838181772440765,0.6265480660581091,0.5609995100781554,0.642745274812592,0.4873360622192149,0.6601041189242606,0.8842041610404108,0.825052910394647,0.6346675333644296,0.2581741320442498,0.7058847595390002,0.7055015956156577,0.7799982040960571,0.7012609655898594,0.8341135370082564,0.495798629092992,0.26809186834899634,0.4881930752989578,0.5679856290906709,0.6368583344475315,0.6502188052824849,0.7191920330380227,0.7631671860594657,0.7978801447062863,0.7441340936023358,0.567677688961964,0.6148660896625321,0.6972373615756438,0.7253521098158873,0.6553716079243338,0.6534704629560483,0.5160093267250855,0.46987342286759765,0.5310618417541189,0.5465620835708332,0.6394416026744835,0.7090000586802653,0.748331053659035,0.5453547231466563,0.8197592349849789,0.6783375261792955,0.7826538948674139,0.8141341435878253,0.6564443277961527,0.6931417525784153,0.8527410377931316,0.9160466197322737,0.7804773915821304,0.7741410820428445,0.7361883004334647,0.7606024605889836,0.7020948442786603,0.6914669147532368,0.5523656403747255,0.4603485132425085,0.5576041088124268,0.8569605958186681,0.761616161128878,0.7968009202418324,0.6151248495868089,0.6526140338447266,0.6418860015338085,0.7970220693440229,0.5002816228612442,0.5546378140864359,0.6806778159737633,0.5120702356701433,0.7115263865739531,0.7087437565628493,0.6317783346070602,0.685270724693045,0.7056335551022385,0.7368529844353364,0.6372684149351789,0.5693919491392324,0.6381099851493581,0.5182282349101799,0.8227529132728121,0.7193936434034633,0.762255499096259,0.6186277149570664,0.6328241843387256,0.48311229738595823,0.5133699710991361,0.5326127786393152
0.40247199508055037,0.7707549998698563,0.8118056573844531,0.7257399372537789,0.6880479152869023,0.7313944277442127,0.7414637777676009,0.6291161007192434,0.7302884485930413,0.8011949058878647,0.5582556131684578,0.858361281386255,0.888478520439152,1.0,0.8365392820369159,0.6705256340209937,0.6100913639003425,0.5116587995483166,0.6323010500488554,0.43090752751308253,0.6770053487342318,0.8012032049987999,0.7882585034541035,0.6584541161165834,0.21593772318583496,0.6866544765993982,0.7654604129547466,0.7629289698460513,0.6509505723418904,0.8043521402266395,0.4860326346939384,0.2672364012185344,0.4013653974413595,0.4616015987843826,0.5948901550715484,0.5753014222138554,0.6314729546952016,0.735032333046366,0.7767541344797616,0.6989167690876938,0.4070027869055163,0.6138727697852312,0.6180232115782889,0.6113886069960307,0.5937476982799212,0.524311468305691,0.4250341803054377,0.31923865098442344,0.44952079580483895,0.4202069124450793,0.5429362087903616,0.6816868604797907,0.7774692708178754,0.560069327233113,0.7591162261437272,0.5605071827992354,0.7292917342423012,0.7343743441320949,0.657400727956428,0.7122683026783736,0.809291744850671,0.8728462174201319,0.8412487806722774,0.8748249946540464,0.8206748525154266,0.8396677751868951,0.667081412569346,0.7241605600548813,0.5299091332699886,0.44248180546067156,0.6079592549561849,0.8099135231349879,0.7825089072883922,0.7190192052895774,0.6751651602159033,0.6528796780059566,0.6273110645413973,0.8345886306858726,0.45164938018963724,0.5096874271324163,0.6666013889495319,0.36988227041579935,0.60490110508621,0.7107835907515735,0.6979062231992997,0.5907086174266732,0.6330713691305939,0.6948351518456647,0.5390286967806542,0.4352183253221534,0.5344421441530328,0.5868448157484523,0.7709466937188911,0.6771708073892209,0.6626109225241441,0.486858290240476,0.48368823505745834,0.3254297065660033,0.404747179927154,0.39594865244030825
0.5012476247711561,0.7824560856570856,0.8085924924697434,0.7732009250390649,0.6807132058937653,0.7361110732795689,0.7530385922039592,0.6647361344646613,0.75087663072167,0.7306863958412423,0.5075558144676414,0.768642502528904,0.7865755265782791,0.8365392820369159,1.0,0.7313402432417527,0.6242958269532609,0.5886927407486264,0.6253411915766143,0.5559633551209353,0.7958535274371976,0.7938159360219909,0.8111057808203758,0.6817446583414356,0.15861454062364264,0.7537580921647352,0.8490761788302745,0.8242334295955253,0.7582732598668748,0.833550837176078,0.5206777996420016,0.2981399642367602,0.45423485522933543,0.4917548304332275,0.6198915668783387,0.6613279939658846,0.6967638171004478,0.7643912645342388,0.7506826982290244,0.680699329771706,0.5039506034460031,0.6305415723690545,0.6670073739941327,0.7149040399682414,0.6792445239745619,0.6132151326470161,0.48462116746149714,0.3900304986735329,0.512678082597226,0.5120617458753609,0.6176496453556691,0.7282166285863382,0.8146493044876308,0.5866222873855621,0.7111554060817186,0.5582087192269306,0.7501053420838593,0.7118159154155499,0.5600418928490226,0.7040528408863879,0.7289197538721016,0.784645278812086,0.6822084737549609,0.7355210781695471,0.8266805409388832,0.9238491573491202,0.7203251265139992,0.736493475333076,0.570314718614463,0.5225591845736595,0.7589658030949664,0.750278654525032,0.8014345181249197,0.7122653756386428,0.7113519724292474,0.588701476654182,0.739025755454623,0.8585683534851376,0.5012037502122767,0.5533698302036206,0.6518693162881936,0.43480434715195165,0.6223468102119011,0.7110683628317875,0.7390408889638398,0.6050770046621805,0.7228239831595785,0.7585565450039624,0.6184206693684885,0.5066827947418885,0.5677639896729968,0.5547003107124231,0.755041334727801,0.6343284223352015,0.676450176744677,0.539339121370669,0.5441770432258716,0.4136904555918941,0.4698791522564692,0.47266122340232203
0.6308288396904921,0.8364581724398734,0.7554756210091399,0.8541554013228165,0.7755669100559073,0.7200237689319222,0.7118926588113025,0.6395340725300029,0.6487270029418554,0.6042853433205387,0.4912881487982323,0.6358064927236077,0.6838181772440765,0.6705256340209937,0.7313402432417527,1.0,0.6836887496126012,0.7096183308503333,0.669274531095344,0.6748993252616523,0.6360977687901684,0.7001609380971597,0.7280213035849887,0.5562314170969213,0.04489367678096125,0.6044897665390518,0.6529186549994478,0.747565034961256,0.6617587228769283,0.6274930662067751,0.48105419803044047,0.44130854442101264,0.6068520298984772,0.6499895886286972,0.7839592837945342,0.655244136226181,0.6668344526825138,0.7447957475439306,0.7413394497499652,0.685204413027782,0.6345777487364139,0.4462462581029745,0.7524468556148816,0.6472229435827922,0.7646423031481882,0.6732141259151037,0.705092914221992,0.5796545471756641,0.5935235286527366,0.5641369933289015,0.7387816326068533,0.774278671382113,0.9033950866010632,0.7062936478072672,0.7294791828575375,0.596502851920243,0.6812682596424033,0.6001676898672477,0.48739744428106957,0.577364601601686,0.5750298723708638,0.6950761973626125,0.5125008296831707,0.5999101481930905,0.5797955531452871,0.6639249695056001,0.738930963251726,0.6405785863308529,0.7197474112392915,0.7275757304820646,0.6766641831730992,0.7535464656027125,0.718635667643596,0.6698671020322735,0.44904349777972463,0.4970746966934922,0.5763938700917802,0.6375797345169913,0.35008601813170603,0.7368512610388726,0.592003410448198,0.6140112422965164,0.7151697695280588,0.7332390870525306,0.44347314528462184,0.7836663337728628,0.599261907563074,0.7524105726272995,0.6763203041721204,0.6177739347499932,0.7141251449563266,0.5275904733176126,0.682678903204708,0.5643231288873323,0.7729842388529465,0.5814930439775705,0.6266580376449271,0.5827305937195303,0.5854757315070913,0.5409980903927464
0.38429746321136266,0.5001990497165051,0.5983275890854103,0.5103294267310217,0.48565847959615627,0.5801443297524418,0.7354605108600192,0.4986537663439388,0.5629118623185342,0.4360327813123542,0.35713349779120274,0.5526563227385602,0.6265480660581091,0.6100913639003425,0.6242958269532609,0.6836887496126012,1.0,0.6200577341678417,0.8958768339241259,0.5588310221894847,0.8019109918270462,0.7040948316591581,0.7798741348288979,0.6924203970233613,0.02623161675076446,0.6185220228232523,0.749513919573657,0.6985468663385842,0.6748459789252761,0.5414956632518754,0.46841155565547493,0.2243739123260167,0.27258565399959916,0.5683006047359307,0.7747815547889987,0.5295281513180888,0.5715644891163932,0.46239610488646143,0.4742961889046922,0.5233714017732366,0.43856398730016316,0.5351569826154972,0.6143164898291179,0.5624692168995249,0.5654910503311855,0.4883994157544767,0.5517711101738666,0.39755574271714206,0.3314855453425015,0.31750353833799927,0.5187509708879162,0.4480304491765054,0.6659494893634745,0.3208760479561469,0.5319299479369849,0.394294508731021,0.5833349860561832,0.5089296855716404,0.26819640430800473,0.3411289965011079,0.5413276384164569,0.5888397929140915,0.42049479018771313,0.47844177783908093,0.6541569736194124,0.5105694122149234,0.7663100864737166,0.8356057665999101,0.7260992260281162,0.6256557169516463,0.7413158667078588,0.7493322868513397,0.7550306721864908,0.5749343204649958,0.5909655944579895,0.4431761825162745,0.6549565318233295,0.6032974354527447,0.3840929093038779,0.45395442550106296,0.7341955816005369,0.35651894052815136,0.5294569129053687,0.7901663571813109,0.6081393093088671,0.6241496521644637,0.52841864772664,0.711406033048184,0.5228505729577819,0.3616792516479818,0.4411347298581923,0.2538697307772422,0.49453093971336587,0.5288260829438636,0.6458113840149124,0.3905020713444684,0.4210270861077828,0.37256273316722055,0.34434726638017027,0.28086135728476486
0.606498840249267,0.4825163823906988,0.5881050769906202,0.5831244554713096,0.5275171970029202,0.7249836827132786,0.4675234229257439,0.6712662945998256,0.7413258051845132,0.3805199861770085,0.2528756528273306,0.47914890510825353,0.5609995100781554,0.5116587995483166,0.5886927407486264,0.7096183308503333,0.6200577341678417,1.0,0.7225078534554016,0.8326579955179437,0.7683630181805918,0.6192344617578687,0.7380806300155577,0.28578539376222345,-0.13881940373293564,0.4421738426589242,0.6590469031803944,0.6689387420190176,0.6861810231220209,0.5643657840145757,0.4614312386328665,0.3803648118093117,0.7221575026356383,0.8532202835938055,0.8130000086005587,0.7393764822305849,0.7569326230465493,0.5674317777179253,0.6469527042279437,0.5152853508237751,0.7615828886821078,0.29431415065514277,0.7904289786249037,0.6771533813419579,0.847411840741392,0.7726915275915021,0.803018957281592,0.7757719498073292,0.6095495106704596,0.7263300084030584,0.7375268227776408,0.4180294503124707,0.6450539818864726,0.36445184584174306,0.6240308092336347,0.7127676355044739,0.7112961777820391,0.7072239183882454,0.21619720836942943,0.26672363414699385,0.4135779127261131,0.5602230985378285,0.33757793803339364,0.3455947495899934,0.5266474248498163,0.463215597276294,0.6870584978517266,0.5323117340617035,0.7909586527552558,0.8290985695412989,0.6743931058136181,0.6534747292189947,0.7287184391283721,0.6324607706311937,0.19553525751842932,0.2199860009216923,0.5580638884625988,0.46872495917394313,0.35059192522290117,0.5407737304581048,0.48681542582035103,0.7792177469290428,0.743142284974383,0.5949978366391656,0.4329929953955284,0.8207478462254879,0.7578305142438113,0.6451395131788662,0.7930463181834503,0.6349756021994313,0.7302422233009038,0.1591884181812756,0.5077356813284395,0.46999222408158325,0.6452750197816998,0.5948202611614842,0.6805805964035904,0.7237813135007414,0.6242035984368465,0.6746598917572951
0.4266833029252303,0.4898232954615082,0.6182825071760633,0.5235796779117103,0.5291845374585358,0.6701299776713849,0.6119491138912695,0.46850603703667765,0.6484240096096751,0.4424686693674128,0.32717053519186856,0.5622708240397949,0.642745274812592,0.6323010500488554,0.6253411915766143,0.669274531095344,0.8958768339241259,0.7225078534554016,1.0,0.577158028922967,0.8173251843274477,0.7174610694244089,0.8410030367818541,0.5123709199245654,-0.04937136400993182,0.5758032927370774,0.7431170243543799,0.7644602409081072,0.6553481205633918,0.6286176741449564,0.40770370678268875,0.18653499508955662,0.42956722623066046,0.7585135348419624,0.8277563571357184,0.5843413307326987,0.5998922380331224,0.505977840840514,0.5283525302364145,0.5255517865270037,0.5572476117413799,0.5187895826344833,0.7000065374054031,0.5764658524684042,0.6681230914455072,0.5845241470462578,0.6918199841427929,0.5727299388399257,0.4066152249659464,0.43701469975662277,0.603294925503443,0.4250482503823283,0.6590384010009873,0.34805240728306897,0.5915759822357851,0.5382662230939145,0.5935969233397974,0.5828833897606903,0.2780528644239122,0.301513940560332,0.5478634413417177,0.588468079283417,0.4518202371876718,0.4729148215431346,0.6618391892568304,0.5055743731350896,0.7235725227300983,0.7665914135015361,0.8167830328110026,0.7195660298109112,0.7178634525152068,0.7730561268765529,0.8362184574058013,0.618510384848834,0.4350571518171618,0.42161314749755896,0.5774280314433821,0.6092444592966488,0.2694362773936957,0.3825756021274603,0.6613651880339292,0.5256611077784403,0.6057812090690969,0.7084320026507401,0.5496472438996699,0.756437339564465,0.5961934116071462,0.6642908117743609,0.6128938917804716,0.3934146416776587,0.5528017417143984,0.16318220839329547,0.4854937052947314,0.532800043401849,0.6609839696921008,0.45061596098724677,0.48964821915009954,0.5030716396688453,0.42287839089372437,0.37449689084810406
0.6878828440881523,0.48368784967328526,0.5395555308794249,0.480853361219938,0.46158292308976506,0.628209980284895,0.476398201958518,0.7060639632244532,0.653648728818222,0.35425358042320665,0.3575315003177349,0.4412041922305834,0.4873360622192149,0.43090752751308253,0.5559633551209353,0.6748993252616523,0.5588310221894847,0.8326579955179437,0.577158028922967,1.0,0.7028150189261777,0.5059982985898114,0.6484419026584766,0.3336441693338413,-0.03397488952578983,0.46613327317667314,0.6608688437684348,0.5799130440392178,0.7863568576967999,0.45708326000042154,0.43253940070822466,0.3462506996118617,0.5196645131447388,0.61760603526484,0.6384291537800642,0.7529649840558006,0.6656977209181654,0.5021125202925592,0.5039994609771328,0.44647143136660916,0.6538202941561497,0.34335230739443984,0.6133968562306138,0.6132365926909453,0.7705235718570577,0.6803973967117407,0.5679466636057411,0.603338116491903,0.7072226891442467,0.6733447846420512,0.7828152005731238,0.5039976584733535,0.6807232702182535,0.3499641988878901,0.5007582617996703,0.6014143741902845,0.6736214261798272,0.5884028332950954,0.219100018001216,0.32020699524808277,0.37434473494232845,0.41727056218466774,0.3168850023694706,0.32485910214235064,0.44037620946404377,0.4127313786840534,0.7610956632093689,0.44637126440060987,0.6964402795683081,0.7992582347451767,0.7691708753318545,0.5335419416086211,0.6823889235395167,0.6036647530510931,0.2238383419127986,0.23588869468969723,0.668858717481471,0.43099233925635483,0.29773321997835234,0.5484096547193658,0.43709754774935466,0.6947627745822127,0.6584260543211047,0.547188432298975,0.47074961734882187,0.6828533372565682,0.7009617248053126,0.5943165631442621,0.8634290630317698,0.637779657626451,0.6485414176471013,0.19841144320456217,0.41450362873087626,0.4353729321953072,0.5325740524928598,0.6055942920176701,0.581359618565737,0.6988218370689182,0.7315331179209879,0.6819881588158386
0.49851633305690013,0.556316453287375,0.6782352751929202,0.5622846392608273,0.4944988172698482,0.6933625414054974,0.6908679066121827,0.6534066004969623,0.7554108592148311,0.4799071612997532,0.3686678399892867,0.5746388407493754,0.6601041189242606,0.6770053487342318,0.7958535274371976,0.6360977687901684,0.8019109918270462,0.7683630181805918,0.8173251843274477,0.7028150189261777,1.0,0.7451023031174215,0.8472776364316167,0.5994440592795138,-0.016660516050653277,0.6752071846296245,0.8882949558381741,0.7662943313242964,0.7981644805184789,0.7088801497491405,0.4551475934821457,0.2528787181663933,0.4364803760141744,0.6260963380345108,0.7252049853708963,0.7369416172946684,0.701922587627064,0.5623820898150707,0.5853793253231456,0.5806045008683064,0.5483005545347713,0.5609687885933249,0.7032310722685751,0.6949977079581987,0.7155789748117249,0.6576991605992928,0.5856773090886187,0.48218060781009364,0.5077009242299033,0.5435264965180936,0.6520608757170857,0.5089333579192803,0.6930061696689978,0.35328279612887636,0.5887610629265522,0.5390737977872876,0.7522338434119697,0.6829849389707497,0.2417378819083726,0.38813545196187516,0.544417307640872,0.6268130760346321,0.45251387181051805,0.48138738316355556,0.7677163300488458,0.6626054898287361,0.7807370777454502,0.7455202364339885,0.697734952406158,0.6638752314314168,0.8534906174276841,0.7166121519561098,0.8597150428580388,0.6429983352183342,0.5365377242005577,0.37963824377143146,0.7558143455062905,0.6920964228866286,0.4469330589585352,0.4868210478104828,0.6458276630201099,0.5080750346928888,0.6282421158499554,0.7249003735009518,0.6988139973665527,0.6581146970793973,0.7593224662303408,0.7365173874568495,0.717960964424265,0.49675837942928375,0.55228110459847,0.2128212218314658,0.5660670044076341,0.5498616015931824,0.6375565972462067,0.48975417890636536,0.5687559107003193,0.5009546039424675,0.49256091288136905,0.5009743803219444
